4294967279,14
4294967279,158
4294967279,156
4294967294,126
4294967294,18
4294967294,12
4294967278,368
4294967278,349
4294967278,385
4294967278,377
4294967278,149
4294967278,148
4294967278,146
4294967278,144
4294967278,143
4294967279,143
4294967278,142
4294967278,141
4294967279,141
4294967278,140
4294967279,140
4294967278,139
4294967278,138
4294967279,293
4294967294,41
4294967294,388
4294967278,133
4294967279,276
4294967278,272
295,4
4294967279,275
295,3
295,2
295,1
4294967278,271
4294967278,270
4294967278,269
294,4
4294967278,281
294,3
294,2
294,1
4294967278,267
4294967278,279
293,4
293,3
293,2
293,1
4294967279,267
4294967278,264
292,4
292,3
292,2
292,1
291,4
291,3
291,2
291,1
4294967294,476
290,4
290,3
290,2
290,1
289,4
289,3
289,2
289,1
4294967279,327
288,4
288,3
288,2
288,1
4294967278,386
287,4
287,3
287,2
287,1
4294967279,248
286,4
4294967278,241
286,3
286,2
286,1
4294967278,240
4294967278,239
4294967278,238
4294967278,237
285,4
285,3
285,2
285,1
4294967278,235
4294967294,475
4294967294,42
284,4
284,3
284,2
284,1
4294967278,228
0,7
4294967294,89
4294967294,163
4294967294,190
4294967294,420
283,4
283,3
283,2
283,1
4294967279,222
4294967294,989
4294967294,988
4294967294,1038
4294967294,1032
282,4
282,3
282,2
282,1
4294967278,307
4294967294,396
4294967294,408
4294967294,405
4294967294,179
4294967294,1016
4294967294,164
4294967294,461
4294967294,108
4294967294,1421
281,4
281,3
281,2
281,1
4294967279,543
4294967294,437
4294967294,1418
4294967294,973
4294967294,186
4294967279,557
4294967294,1422
4294967294,0
4294967294,393
4294967294,390
4294967279,564
4294967279,541
280,6
4294967294,1019
4294967294,1419
4294967294,472
4294967279,308
280,5
280,4
280,3
280,2
280,1
4294967294,969
4294967278,346
4294967279,570
279,5
279,4
279,3
279,2
279,1
4294967278,345
4294967294,389
4294967294,114
4294967278,365
4294967279,559
4294967278,303
4294967279,567
278,4
278,3
278,2
278,1
4294967278,340
4294967279,530
4294967278,337
4294967279,180
276,5
4294967294,107
276,4
4294967279,177
276,3
276,2
276,1
4294967279,330
4294967294,424
4294967294,1021
4294967294,473
4294967294,987
4294967294,2
4294967294,1018
4294967294,29
4294967294,417
4294967294,28
4294967294,91
4294967294,90
4294967294,87
4294967294,86
4294967294,85
4294967294,76
4294967294,81
4294967294,84
4294967294,7
4294967294,94
4294967294,96
4294967279,172
275,4
275,3
275,2
275,1
4294967278,330
4294967294,45
4294967294,428
4294967294,44
4294967294,53
4294967294,52
4294967294,415
4294967294,51
4294967294,83
4294967294,92
4294967294,88
4294967278,329
4294967294,9
4294967278,328
4294967294,8
4294967279,519
4294967278,327
4294967279,518
4294967279,302
4294967278,325
4294967279,328
4294967279,516
4294967278,322
4294967279,515
4294967278,299
4294967279,514
4294967278,321
4294967279,301
4294967278,298
4294967278,132
4294967278,131
4294967278,130
4294967278,129
4294967278,128
4294967278,127
4294967278,126
4294967278,125
4294967278,124
4294967278,123
4294967278,122
4294967278,121
4294967278,120
4294967278,119
4294967278,118
4294967278,117
4294967278,116
4294967278,115
4294967278,114
4294967278,113
4294967278,112
4294967278,111
4294967278,110
4294967278,109
4294967278,108
4294967278,107
4294967278,106
4294967278,105
4294967278,104
4294967278,103
4294967278,102
4294967278,101
4294967278,100
4294967278,99
4294967278,98
4294967278,97
4294967278,96
4294967278,95
4294967278,94
4294967278,93
4294967278,92
4294967278,91
4294967278,90
4294967278,89
4294967278,87
4294967278,86
4294967278,85
4294967278,84
4294967278,83
4294967278,82
4294967278,81
4294967278,80
4294967278,79
4294967278,78
4294967278,77
4294967278,76
4294967278,75
4294967278,74
4294967278,73
4294967278,72
4294967278,71
4294967278,70
4294967278,69
4294967278,68
4294967278,67
4294967278,66
4294967278,65
4294967278,64
4294967278,63
4294967279,86
4294967279,83
4294967279,81
4294967279,76
4294967279,74
4294967279,73
4294967279,71
4294967279,69
4294967279,68
4294967279,66
4294967279,65
4294967279,64
4294967279,62
4294967279,60
4294967279,57
4294967279,55
4294967279,52
4294967279,49
4294967279,11
4294967279,9
4294967279,8
4294967279,7
4294967279,6
4294967279,5
4294967279,4
4294967279,45
4294967279,43
4294967279,299
4294967279,136
4294967279,40
4294967279,133
4294967279,39
4294967279,319
4294967279,318
4294967279,313
4294967279,284
4294967294,1423
4294967279,32
4294967279,296
4294967279,30
4294967279,295
4294967294,161
4294967294,979
4294967294,182
4294967294,183
4294967294,457
4294967294,409
4294967294,169
4294967294,1
4294967279,138
4294967279,292
4294967279,25
4294967294,387
4294967279,24
4294967279,315
4294967279,22
4294967279,134
4294967279,288
4294967294,46
4294967294,115
4294967294,120
4294967279,19
4294967294,50
4294967294,27
4294967279,291
4294967294,93
4294967294,95
4294967294,478
4294967294,68
4294967294,11
4294967279,16
4294967294,5
4294967278,266
4294967279,13
4294967279,314
4294967278,265
4294967294,22
4294967294,17
4294967294,67
4294967294,99
4294967294,43
4294967294,474
4294967294,25
4294967294,26
4294967294,1035
4294967294,82
4294967294,1023
0,5
4294967294,6
4294967293,131
4294967293,130
4294967293,129
4294967293,128
4294967293,127
4294967293,126
4294967293,125
4294967293,124
4294967293,123
4294967293,122
4294967293,121
4294967293,120
4294967293,119
4294967293,118
4294967293,117
4294967293,116
4294967293,115
4294967293,114
4294967293,113
4294967293,112
4294967293,111
4294967293,110
4294967293,109
4294967293,108
4294967293,107
4294967293,106
4294967293,105
4294967293,104
4294967293,103
4294967293,102
4294967293,101
4294967293,100
4294967293,99
4294967293,98
4294967293,97
4294967293,96
4294967293,95
4294967293,94
4294967293,93
4294967293,92
4294967293,91
4294967293,90
4294967293,89
4294967293,87
4294967293,86
4294967293,85
4294967293,84
